%YAML:1.0
---
K: !!opencv-matrix
   rows: 3
   cols: 3
   dt: d
   data: [ 1.5136602745316620e+03, 0., 1.0154801644773777e+03, 0.,
       1.4993671083444456e+03, 5.1682901492267149e+02, 0., 0., 1. ]
D: !!opencv-matrix
   rows: 1
   cols: 5
   dt: d
   data: [ 2.0733553620268441e-01, -9.8267635982865353e-01,
       -2.3000298452545049e-04, 1.5796718969759104e-02,
       1.3767890295213583e+00 ]
